New Obstacle Set:
radius,x,y
4.014913450493822,7.597722324737002,12.60554038771287
1,12.374018225483223,1.9642082305288062
1,18.30298271376251,7.84693559185534
1,13.640836350777109,6.54259799382638
1,4.388470804386838,3.050117982731363
1,13.18535967608165,17.027985392537794
New Obstacle Set:
radius,x,y
2.663527996777723,3.3527740969377366,4.305523467770578
1,15.965344281246795,17.471214468738133
1,4.541090063591959,10.98241981681333
5.294996736118545,13.606594457401721,6.830203919480697
1,2.7761985533268945,16.897691483120912
1,8.96782147268038,15.662349195338688
New Obstacle Set:
radius,x,y
3.9157659204258604,10.95486813538524,7.185706487920076
2.3482345470904082,10.617161921213938,15.524035512073876
1,1.0194828552754458,2.793915165416608
1.722737505171711,16.975273314131492,16.040163587856156
2.911271759608665,2.920380382139666,12.949531353962454
1,3.840917953139323,5.752114593868283
New Obstacle Set:
radius,x,y
4.565447514678654,15.220987089007995,5.693101279803442
1.633180100624834,5.132544609542259,7.912810385114546
1,16.60989968411793,13.587274304957862
0.8573844828885098,7.272930970579628,18.445602371991033
1,4.392333275044451,12.491832735032727
1,16.650261611317884,18.991574601424944
New Obstacle Set:
radius,x,y
3.060330643465151,8.393954859534865,11.135025175957008
1.2200527593470585,2.321149223881603,1.451519389066077
1.3766350789583433,18.18916059612243,2.134539259886199
1,5.9240457875559365,4.5104852996237845
2.188534414460673,15.504375906105528,16.680446356128265
2.2039994835524777,11.72297017467814,4.3014944350744715
New Obstacle Set:
radius,x,y
2.544565760558652,14.923501401380609,16.184107255250495
1,1.1906171655032805,5.576150701389965
4.506885862132075,14.129504091690245,5.717604637749934
3.61479576397331,6.64962673512537,13.74643853983833
1,4.1197337600977475,2.8486220522636696
0.7248466681468289,6.033683235266918,7.053042913620659
New Obstacle Set:
radius,x,y
1.8313218278850103,5.979730947780966,10.127125207077775
1,17.738989886424612,13.295963524405476
2.1836300621365474,9.704207595589743,15.274895586766572
1,13.68578791290898,8.513514323911789
1,1.2773402731243235,8.06563381747872
1,17.765276379021522,4.0733095440740215
New Obstacle Set:
radius,x,y
4.8970377650176165,9.855920663413734,7.519298126590279
1,1.3022470224856866,12.183431135692093
1,16.44140602255528,12.016740189077954
1,18.075504151390927,17.161133095845976
1.2603255655589294,1.3292607743018277,17.631968570275045
1,8.656957913338127,17.94741204956313
New Obstacle Set:
radius,x,y
3.3863878774169813,9.286971196068817,15.29011463278315
1,12.705716976118536,6.997184057336681
1.3028506443133656,3.575936031819742,3.796650850303255
1,18.84968621326947,5.386568426202068
1,2.540337955294546,15.763517515158092
1,1.9728135283219808,9.803765787852988
New Obstacle Set:
radius,x,y
2.4413835596845437,14.212869372623558,2.4903275081072542
1,1.2523369268777018,7.0884231928356884
4.3967149164639645,7.376890785608147,14.846015803295554
1,12.949354970156632,7.9502295952759185
1,17.301223744821407,14.909987955006715
1,4.871701716985065,3.8518926520550876
New Obstacle Set:
radius,x,y
4.0157074324659385,15.906964079204904,5.447724921746671
0.9080395781119686,14.996895344477998,18.651387732623192
0.8770560917615842,4.434099366272836,17.203954341547142
1,17.194827576962716,14.466882094385277
2.1226498465999386,6.732913800804392,8.644975690952576
1.412269878751808,10.720676194641962,12.794899490997487
New Obstacle Set:
radius,x,y
2.1769290874379794,11.13132138419939,14.499575240980537
1.1107053685686297,3.3695082597209995,13.009198995735646
4.051984113456475,15.714555354976113,6.568828670299814
1,3.4743988735953755,6.506205544373909
1,7.02707287064731,10.241832561024241
1,4.721923839019189,1.9865859115654736
New Obstacle Set:
radius,x,y
3.402626685540041,5.1173044296505505,8.039724658255372
1.9974105987029716,12.536051524678163,9.592292468352483
2.674815414916766,9.73074819091202,16.352222738329345
1,18.53148323953158,11.8787751516954
1,8.920487289972812,2.6392927285237047
1,18.799700148937422,1.1122452094988402
New Obstacle Set:
radius,x,y
1.1088035289463343,11.414567619937598,10.697837248939702
1,7.633217870088707,2.256925839969325
1.4219792805202958,6.6382006738436345,7.75533630367921
2.484827594612454,5.295511748075361,17.431467974081606
1,15.1109485281494,7.679027149035692
1.8860961937158822,16.544716440397966,2.5664446072658
New Obstacle Set:
radius,x,y
1,9.470720458700107,9.82524809259133
1,3.994257600464953,12.602188434159697
1,3.1127851764702887,18.954012358739625
1,17.596465215338377,15.930393361332744
2.0343144378832734,16.032149425671125,8.62192310311787
2.0292408728154268,6.693110265761352,3.8632686969825345
New Obstacle Set:
radius,x,y
5.169043820029092,6.825114477593659,6.503146054641816
1,3.6353154819569324,15.927118731668525
1,9.10721718003388,18.58399469349819
1,18.129963194189216,2.6492690037845272
1.9801586118857668,13.425284469898784,15.064203516586803
1.0805281839993102,15.887459455800293,8.967197983640489
New Obstacle Set:
radius,x,y
1,13.47891961720709,18.270913128466017
5.166367647117183,9.994445534821269,9.432502868216826
1,2.172852059496387,6.800930842949008
2.4032024989140055,2.749454117815256,16.418362371017746
1,7.28150329311701,1.0040749213199442
1.4709944146250935,13.744477597502637,1.536417625824821
New Obstacle Set:
radius,x,y
4.240670485370911,5.230353835057629,8.379724321290457
1.4632575591900427,13.278797254044264,12.690497077923023
1,14.049598865522182,3.767224672527344
1,6.612770317212025,18.54783499639097
1,13.603387286776517,18.27908581467298
1,2.221467723995252,17.00930894541842
New Obstacle Set:
radius,x,y
3.649236266516399,15.736366215387633,6.476176305116715
3.2531621647641287,5.8207424305416104,4.252725505173621
3.590941953055519,16.191016682057967,16.28108198959251
2.4096031363955017,7.226105168745841,14.302167540140877
1,1.0454948697378472,9.048798627966304
1,1.8061078349216027,16.08190476865859
New Obstacle Set:
radius,x,y
4.473628163873472,13.819899364422405,8.575051381287862
1,6.733075328940192,4.292273865077552
1,4.45998442065623,7.943370689025612
1,14.431049590957823,16.555609450182452
2.1917493998047997,6.367081691572065,14.797748463691335
1,12.103058229773232,1.1919977280735838
New Obstacle Set:
radius,x,y
3.9874647598111137,11.955261384857245,13.885401062148745
2.5183407418481085,3.429911047267371,3.871084263084282
2.280816495451202,14.419339474279358,5.902386021169931
1,1.554230264208347,11.49157438489467
1,4.269326931294303,16.221953100247326
1,9.644959629956103,1.7149102194040342
New Obstacle Set:
radius,x,y
2.0311020113407214,7.569426988518039,3.509698495864422
3.2279804472769316,7.462541118289769,14.746451479162808
2.527626036194789,15.136822372286263,6.00901264404615
1.4290364656450372,2.3976921359162775,1.6486503588742587
0.6739268144179533,12.399213139585626,18.119121203384537
1,17.88551394823102,15.345178376502439
New Obstacle Set:
radius,x,y
5.883139698831938,10.59867257124402,10.47948294352965
1,2.6621834976137486,17.858541801373924
1,4.495762797007275,3.056876874619795
1,1.5460084091148882,13.019748587955638
1,18.700863188331635,17.49594671518652
1,15.489123110554216,1.842246284754323
New Obstacle Set:
radius,x,y
1.909012636489793,4.251912832999,11.087160194501726
2.4184121868155755,11.779792218723998,6.539746242748098
1,1.3890021636773118,17.727123106584923
1,15.62599272920912,18.836846515281067
1,9.399174072853294,12.811440902329425
1,5.863553378295633,17.804337607674448
New Obstacle Set:
radius,x,y
1,15.195951653481288,1.700296175003322
2.975520672980854,12.540271180360687,16.559128743547667
4.326020426310337,7.61824568211548,7.973051169535729
1,2.6327165781540405,14.205345385856933
1.54593461495086,17.030217581737592,8.900127362816436
1,1.7119606327821006,18.889037455243468
New Obstacle Set:
radius,x,y
5.15184743955241,11.491604216235999,14.29441305520169
1,1.5822404574198814,14.207923580084236
1,4.272159571356981,8.59965186658053
1,3.2654093270872453,2.4296161380926096
0.8842774069413668,16.502479637688097,2.072381326449079
1,11.78564271858849,2.5091675481099616
New Obstacle Set:
radius,x,y
2.3119899538543724,14.872774998182235,2.6148710940707414
1.6084406485310696,8.479037979653068,2.1952357243228326
1.9764985723264843,13.12095756857869,11.000618024614464
1,3.3256018048322913,5.231723110917217
0.6038423004706668,17.200834244889545,17.755519892711792
1.2918236231493863,6.045005206139437,10.348099619486707
New Obstacle Set:
radius,x,y
1.0390396984378785,7.104025883284777,2.4996227506594186
1.6328539675752323,9.62481841210365,18.0776448173411
1,16.76586952886356,14.164954278610406
3.023067068532372,4.15442315379756,8.892955539406579
1,11.901652630632006,8.466193286121875
1,17.943557054532704,9.716943136122648
New Obstacle Set:
radius,x,y
3.769684272462331,5.605425844862044,8.268661913827788
1,15.130713364401728,12.455681250319032
1,17.092354389310877,17.0962200025661
1,4.476178462013645,16.51258628148176
1,15.959215250418497,6.584195689280861
1,10.52535771523427,1.7383542868679176
New Obstacle Set:
radius,x,y
1.4896949321856043,5.60953369143627,6.0126081015710655
3.500119108442378,12.608197248621236,6.099478319720534
1,6.430851962241742,13.461998493194352
1,18.45717095969544,10.326339478601131
1,2.406102174744903,15.158573536101423
1,18.94701176036308,16.70417887476181
New Obstacle Set:
radius,x,y
3.9991355328561946,11.439128392270556,6.606583444843
1,3.0385790470656864,16.80297122548047
1,17.352837247110376,16.114806879325982
1.4507207578390875,11.205327739704824,16.73948942116292
0.6799451710962852,6.181635989601547,2.2416475397845703
1.6542911787603698,1.8403098158300968,10.745935996167805
New Obstacle Set:
radius,x,y
3.5976966515173383,8.840549396125775,13.43039881467863
1,18.404546951912458,16.20035185555874
1,6.245498767244866,1.3185758600759931
2.3018251530194322,14.301303326124218,4.400568600748948
1.2886701089476147,1.661857657048258,16.22165526631934
1,1.9546182464292283,1.0548514789830796
New Obstacle Set:
radius,x,y
2.6822240764050136,6.765085280576285,8.80285941138936
1,11.666386936825388,18.47277702836927
2.378004499544034,3.1196389235539828,2.6106267186341716
3.5047775948217197,15.223148582329538,7.220795382614391
1,18.087109027897103,1.1800175109087352
1.441549676320339,5.16297001345783,18.462413817169182
New Obstacle Set:
radius,x,y
1.38401616558897,11.237103208184894,1.4712750936750614
1,7.3474035400390925,11.294622201574878
1.7160319995746898,1.9588450826291697,11.477793125621744
1,16.141820109429993,2.40369959465479
1.880272086600809,16.64432636588893,8.26557436291165
3.775871464433651,14.353112648656433,16.209640236614327
New Obstacle Set:
radius,x,y
4.716232458443588,5.986162688887205,14.460562575652716
1.3046994708936062,14.955024738848797,10.967185824540609
0.9826877970838517,18.357776651319263,17.1367381974236
3.3488740400710078,14.767709864951767,3.9964980845564786
1,1.4802246629524027,2.1764486553640765
1,4.099794825076534,5.61474077151
New Obstacle Set:
radius,x,y
3.617329783993646,15.969869902596756,15.419826016655449
5.199792433299445,7.708094426394302,7.970890375949799
0.6786253847711969,2.5400864501153726,14.561769991860967
1.304312784966923,15.716023296137392,3.6185081858048456
0.5202385405436236,19.169363473243518,7.857491235993635
1,5.4106809989142794,17.165881468917885
New Obstacle Set:
radius,x,y
3.2200861966251053,10.474945240732831,6.8145335596724195
1.3726473889837356,18.341959911309274,13.04545362320027
2.6002892450662003,7.185763972835486,14.659373295659744
0.6104197795057233,18.674903841720667,8.504150323498429
1.4403386672597334,1.5030982407606956,7.650235201430929
1,17.18573272995092,2.126597560489293
New Obstacle Set:
radius,x,y
3.580466493876184,5.0107114282432565,15.994014333069384
3.979604388205401,13.05437249089473,5.050030110625539
1,17.10401883015845,16.410832986287573
2.6949735253391047,3.2937110193353147,6.95767018805699
1,18.67531846809012,12.164624520700094
1.5198753355672747,12.95356913432054,13.834265159047995
New Obstacle Set:
radius,x,y
5.967715025820446,8.60875495239356,8.808564040507648
1,16.415883830991262,16.51643159549317
1.0220832012629142,18.971301356508064,4.7935684173545425
1,7.066803619989509,18.470084034289968
1,17.547703502335573,10.166876669671657
1,1.8859940069250587,17.47935754022593
New Obstacle Set:
radius,x,y
5.7882670955695,13.44751723946104,9.335881530292676
1,1.6476384254191385,2.4382191195652423
1,5.247899574795829,5.691602676110577
2.0142062394757425,2.493932067359835,12.601587771317886
1,1.5124158920953292,18.556700425696683
1,9.369535747897123,18.33367590694714
New Obstacle Set:
radius,x,y
1,3.302872494163892,10.279079836576232
4.706957213513271,11.451698872339783,11.067769256859059
2.243045430040749,14.534552464804843,2.385604063466749
1,2.862128057256453,15.523863419657184
1,7.246117035869101,18.593235575267137
1,3.7050314798139428,2.1316905364784975
New Obstacle Set:
radius,x,y
1,7.341968071563079,4.876717412303415
2.7244782928265963,13.246090107682994,13.800408578016961
1,15.469405817907022,7.584333335926613
1,11.103771189352656,1.7168862818077941
3.7981916527944737,3.9585645162583663,11.293826699159148
1,8.963117854891923,17.734532689157227
New Obstacle Set:
radius,x,y
1,6.820052166986591,1.6276488281617367
3.9609342960699836,4.178254148418271,12.572215596041094
4.198097326678537,15.618387295952903,8.472069700105544
0.9294393404555721,17.517223369664105,16.532104299643613
1.2003318939775132,13.187319846872462,16.238962710378857
1,8.949711073342609,18.43726706111207
New Obstacle Set:
radius,x,y
1.8838152622826474,13.876283388967943,7.292980486587825
2.1289174504266977,11.685712126943248,13.744359111433665
3.385317204194588,3.8962183275552302,9.98776048975733
1,7.572933527607477,1.1473956268371386
1,16.170292658880754,2.3037013325856095
1,11.580707845954782,2.965712226489579
New Obstacle Set:
radius,x,y
1,17.39626759365229,5.39129659589434
3.8663304603152975,8.725679118102565,15.059977109343418
3.733043867242347,3.9800395755858298,5.819536852855764
1,1.8858839563015886,17.72352006371539
2.253823667843598,17.389679249562718,13.026546189044497
1,1.2125214046963426,12.440092981332437
New Obstacle Set:
radius,x,y
2.523514941055826,4.6690448128803315,7.786261530343095
1,17.401964964820426,12.677178253157829
1,13.290964682886914,4.1349524055880025
1.7003918824380535,9.677624776628305,14.84927191873248
1,15.314982843620022,9.233506384300576
1,2.110478696535826,16.218287304693636
New Obstacle Set:
radius,x,y
1,6.961970212637572,14.445347661197673
3.0833552897054455,13.331300550426494,13.671747624699861
1.8655667672171026,4.888594922907066,2.038784217737594
0.7392323313537319,3.556384616574946,16.516500658188757
2.905556229016534,13.076691260313394,3.6522329231251853
0.7582341011787639,1.3622593574060708,8.191276627105147
New Obstacle Set:
radius,x,y
3.9332173675903532,14.811638333626151,5.990727027049278
1,7.167755191794681,17.851488152687033
4.083984229046492,4.1288288900927546,10.29895667865453
1,11.706915663974561,17.548330881292827
1,4.998005637053227,2.572918108873991
1,2.1419320991174207,17.28048803890285
New Obstacle Set:
radius,x,y
2.3151419560968067,3.1179349777934817,7.0352270946546565
4.405287013339868,14.95566611433723,6.752201166623486
1.5800665421265916,7.350156092646456,15.639344309127672
1,4.227715230022046,1.549439089446352
1,16.4965282313459,15.103897336130764
1,2.016738108379542,13.720145198339
New Obstacle Set:
radius,x,y
4.168537538093946,5.172025689767595,9.295287611761932
1,18.625868777866923,13.566534788015188
1,13.1590661528611,1.3769821701782667
1.0328201253612206,13.300428142561337,10.16518173901572
1,15.958626652260293,16.588630858831714
1,17.75861293466389,3.7009675806111098
New Obstacle Set:
radius,x,y
3.445045911402863,11.902317471067166,9.90872548239724
1,5.024492975246112,13.305263389323255
1,1.1015523366513942,16.872940851433288
1,6.9475286099975255,17.077403217657643
0.6131712576878154,4.372157785420304,3.9207549989555095
1,1.1948565146659043,9.86996982258621
New Obstacle Set:
radius,x,y
1,1.132590449495578,12.729941482076654
3.923623533484419,15.659159908950926,6.934688683956232
1,7.72054718740245,16.055466863233907
1,1.527520475777434,1.831036662412988
1,1.7703926688484053,8.198251148389339
1,14.512564946632901,15.597871431690297
New Obstacle Set:
radius,x,y
1.6374554056962727,11.922308634804946,6.274425928885773
1,18.00999723350513,1.2536441166891226
4.254954531311034,4.883992846834,14.658901881268324
1,15.068185920978523,11.72777324961071
1,6.0608614975437005,2.8529270881959428
1,18.90341039485531,15.15777082376179
New Obstacle Set:
radius,x,y
1,6.914989247581352,10.80721062813026
1.5462624675604917,10.617478574946196,18.23513334682218
2.8027857339480295,15.111380768835813,10.230367005791809
2.717906761319934,6.691335507838559,4.641931889342743
1,16.287368578489477,1.8935615512057404
1.1040160754181283,18.758025204085797,15.165369563664374
New Obstacle Set:
radius,x,y
1,16.088541789893842,4.379763767286086
5.032295463435461,6.294946217100639,11.304030632282474
1,1.2328889825411917,1.7403066763179242
1,10.35867506651479,2.265617259977537
0.5827689823846787,15.656814642884997,17.583663341426018
1,6.243679661077122,1.2109884067110046
New Obstacle Set:
radius,x,y
2.8963253430820157,9.845605739248457,3.17983258211818
5.097114347735757,13.520904157615675,13.419236774880957
1,2.6058738903926866,14.829832107128503
1,2.1863727350177986,3.9503810580354073
2.025732685770974,17.322457828265115,4.588389359702788
1,4.1974095374761005,10.176277290039414
New Obstacle Set:
radius,x,y
5.901011974757575,10.488013045858466,6.606828180187308
2.3022880452463856,16.178781027070826,17.282314672241558
2.593833451320178,9.259338533781538,17.15585190077931
1,2.7154228899924364,16.223004349957804
1,1.410676353319655,2.670905781037316
1,18.299433500305092,2.261629513053121
New Obstacle Set:
radius,x,y
1,8.365948262093868,5.336864943064398
1,13.937731972267681,1.6221155824359763
1,15.492287927663071,17.730166270998392
1.9929526972471558,7.33852846213877,16.543507303036048
1,11.816229674384038,7.707042522017487
1,4.28326731578776,9.894375598803848
New Obstacle Set:
radius,x,y
1,11.210102263517799,11.18458695376468
1.9950109665075089,3.4729880218037485,10.680205960360546
1.4996455938359263,17.750461516561995,5.547613324070455
1,8.06965556144457,5.138121053096599
1,14.759325455735407,15.150605600292657
0.6518526993805307,18.204823482544807,10.554243016971425
New Obstacle Set:
radius,x,y
1.1436566892382145,2.9672116012917726,5.908184390485918
5.21247536341416,14.492319630588689,11.369890508091942
1,3.8098661666769,1.1573536733170902
1,18.643377211611075,1.0168909092316907
1,4.396336816592758,11.902677714398788
1,11.082788781691448,2.6517012203070607
New Obstacle Set:
radius,x,y
3.5900478384448697,12.303288099919321,9.45639063432151
1,8.634932758833678,15.694675979830405
1,18.877407685662195,1.2882904407890614
1,2.353358520348422,11.502211934415532
1.775216639546621,2.52505130146961,5.9138770332911825
1,11.015160141755409,1.0837915221945718
New Obstacle Set:
radius,x,y
5.244734703905452,11.410298161800565,9.176761239487238
1,4.721283618869238,14.539439379985145
1,8.065572827421066,16.9114955582394
1,6.009842441656308,2.409787695946533
1,16.493280687433767,17.667510641591594
1,18.56959843902495,2.042613226168706
New Obstacle Set:
radius,x,y
5.0618562375351095,5.569952547855385,7.956625708485957
1,17.946342148687663,17.535714550839845
1,5.953846334564346,18.016723997141508
1,17.110649620028752,9.341188908619358
1,13.433941897560501,13.801502178132981
0.8828083815058458,17.719143122086937,3.7898887396849643
New Obstacle Set:
radius,x,y
2.744112767349042,8.684667762503386,8.444346512078509
1,11.449357572134758,17.840841533020853
1,13.574954414001196,12.335669771836034
2.627871808358286,4.8692046167596175,15.576623486503822
1,17.44439714201625,1.3478437364827418
1,4.983054218330937,1.6951849429133485
New Obstacle Set:
radius,x,y
3.3067673954267542,10.966579557216292,9.052844982480007
0.8032483953206544,18.066000969426415,8.140706681964286
1,13.623572324110382,2.188313785121715
1,5.3997105062861595,3.8153100053363795
2.0561619064672243,6.82729458045218,17.89686092891606
1,11.626369511765112,16.024228356767335
New Obstacle Set:
radius,x,y
1,2.7273647463310415,2.4309531969592832
1,12.295252455082851,4.158959681154044
4.025546913743471,6.529764522147629,10.271609868627907
1.6745856081419785,10.834945230232947,17.08342677693013
1,14.228234488400625,12.731791508546197
2.1556494542537292,17.05414991731647,17.051133576089466
New Obstacle Set:
radius,x,y
2.382029444484216,6.309092188655011,16.54428060755848
2.5400444652209364,16.568078750465183,7.007507556407241
1,9.027038417201828,6.934990995188242
1.0379192645772726,16.052700934977345,16.153835808525326
2.7074480334389532,3.4676383844419805,3.647759467713356
1,11.237927666113393,11.462067790749522
New Obstacle Set:
radius,x,y
3.8085291631768388,6.914836256543607,11.338983438578612
1,17.588593263693227,6.515698808984407
1.2113437193661922,1.7419934534597699,4.617884098918746
1,9.156353455673665,4.086825828163822
1,6.303223438731572,1.0279093923659979
1,13.095803213915083,3.2826024888975116
New Obstacle Set:
radius,x,y
5.9179683950217585,10.14013489075226,9.814467717932384
1,3.6747748701082537,17.192404270360765
1.454438029677692,18.489098051415954,4.47151099465362
1,1.684410756249926,2.074208457673832
1,7.7322385064132115,18.665310979505897
1,17.999100556740927,14.069563413915763
New Obstacle Set:
radius,x,y
3.795057616718712,12.137380121239461,11.68468178090476
1.925530738300334,5.154494859767267,18.03528832327092
0.5305116710070528,11.137823534807076,2.7226137778237374
0.6020864383621545,17.815324680313516,1.3600361551252977
2.9298674699002025,5.555971317318241,3.846686452000377
1,18.424787702013283,5.7541977103512405
New Obstacle Set:
radius,x,y
2.0432826258525836,13.611444160111535,10.915495995872865
2.0007731532965334,15.270761371497983,17.95776470869944
1,3.06951417500542,5.581650406309971
1,8.442013094962439,12.172221898181588
1,17.999572285434603,6.160934536239733
0.8562660278906513,15.631022011515931,1.9140480207996686
New Obstacle Set:
radius,x,y
1,6.820118717684162,17.829284148964106
0.7967703764401808,5.896793689373561,9.48434688582719
1,1.3140196074237154,18.994476691896054
1.3946175020318758,11.668772024085017,8.97875642939625
2.006025052927244,8.21362399669076,4.244168575018172
0.5011523203123622,1.386105917954679,4.247902123793695
New Obstacle Set:
radius,x,y
3.1637832174772322,16.79919890858037,15.433123886897189
3.0407502625567364,8.586250006160387,14.753772159265848
1,14.494875463622577,5.183416289719536
3.763822594867797,5.937456183764821,4.843810663515863
0.9569568780879676,2.648635901693954,16.130534689190366
1,2.2528047207218713,11.068542978974342
New Obstacle Set:
radius,x,y
2.6855355337951416,5.424029085903254,13.985533906408042
1,8.196715312302004,2.970072883475279
1,18.633469860929917,18.803559874699044
1,11.897460817399775,7.122088245776131
2.8549233481015737,15.388593444493623,13.685150425503975
1.775226155105837,15.56761590255493,2.497640288576235
New Obstacle Set:
radius,x,y
5.05161053499372,8.341042768916584,9.549560431023732
2.0690616307866634,16.666701430193545,16.167140249844095
1,15.589184429747286,4.767631761446827
0.5299159855639561,2.29670413722384,18.414147542479782
1.1586048684434758,6.502543587887643,18.459219764142716
1.23251510024894,2.2459391995243183,3.8038022875503255
New Obstacle Set:
radius,x,y
5.137688553141453,14.427969763520085,7.426166409196619
2.8509439293394445,4.581176621582489,12.759121872380518
1.5488460001080866,13.717790183105894,17.900488418371182
1,3.04498302262213,4.028033970100689
1,1.3462199612777945,18.08828413458706
1,5.860483245545354,1.1349285645506972
New Obstacle Set:
radius,x,y
4.269752142005378,12.74535343493228,8.193557373659264
1,4.944789080838347,1.5766378162900698
1,16.09968154320216,1.343878013845196
1,3.0782101677065064,8.08108584437198
1,1.8224547274814507,13.893507257770036
1,18.73056422646163,13.554086517484329
New Obstacle Set:
radius,x,y
3.3960029985073312,4.818554054070913,12.549875200747048
1.0806900497062881,14.582166957783475,14.72663714494374
2.934572961832593,15.358437803815166,7.872537482954208
1,1.381745029302849,2.4418562022335744
1,14.338456081009324,1.8928562818534413
1,6.023875250180049,4.5427048357070765
New Obstacle Set:
radius,x,y
1,3.1480290469525283,17.821487218251075
2.863004184423512,16.85570523299843,5.033902027057671
1,16.50597938577488,11.641647288914108
4.211960187292514,7.213490852322529,7.225886757415066
1,14.24029023403012,16.184682766910562
1,10.202306907560157,16.246662790812998
New Obstacle Set:
radius,x,y
5.671619081881962,11.29616594043489,12.681052130862831
1,2.3396736260454634,1.146630418097492
1.3542859968754168,17.468876779648603,1.8974046457754448
1,1.6112132866834208,5.869958176677638
1.0863543828587932,7.044001785998816,2.8267880483420083
1.387191302105517,2.37708805872011,14.381587950654009
New Obstacle Set:
radius,x,y
3.9265232531829466,6.082611449015829,8.868298714213509
1.7838403563695215,17.17336483089483,14.010237955299319
1.4256986802411484,9.971269461120258,15.653970494189835
1,16.84741916984432,5.724665900650773
1,12.703440884871156,5.976432759301693
1,11.563857173465188,2.08073607964887
New Obstacle Set:
radius,x,y
3.09075760108668,5.473280742638279,9.567192792678988
1,13.281122193262963,18.921451360966586
1.5948960388217537,3.4178383453708197,16.52636630257558
1,15.106565595543172,10.307903237531622
3.305857310604682,12.684211935955108,3.4245194729801174
0.9315213043548138,11.550272280067421,12.835673795621194
New Obstacle Set:
radius,x,y
1.2207795310722007,7.935025036350231,3.855413713803554
3.710339112411769,13.490394968320885,9.329220972946963
1.5895720309128274,11.634856696660464,17.55171934958206
1,12.783554012314577,1.1525169459367277
2.5125842425376677,2.5844674779983126,9.13250704702823
1,5.996960008109442,16.010579690615344
New Obstacle Set:
radius,x,y
3.5758965470843713,12.676908280247668,13.212179124922153
1,16.989101760944784,7.551864191271797
2.7179166974727305,6.511673606601654,4.026682459805113
1,1.6693586494954105,15.212298331802199
1,18.76446181910185,1.42769664124268
1,3.8425906974144834,9.938606197306981
New Obstacle Set:
radius,x,y
5.602838883413113,11.500894980891422,7.085867117360347
1,1.0868866073590615,1.9325491875890857
1,15.88781676784621,17.11965660135121
1.643925212545315,2.796513581356078,18.035622898465736
1,9.954133975965355,17.196530651917058
1,2.6911074835679267,12.693065478750436
New Obstacle Set:
radius,x,y
4.518861169279289,7.635379588540678,5.675520346683122
1,1.974610202268514,17.632632226754968
1,16.096448477555356,4.942437182464677
2.2186958340584733,16.7036224722487,17.549012398841107
3.02510462492394,9.008202070577504,16.092689778737913
1,15.570837970950997,11.584150588903896
New Obstacle Set:
radius,x,y
4.810259027420704,8.213902897165287,10.298969320781795
1,16.914610732427374,9.925787468488004
1.755030856279483,3.302920946076468,1.9645206159122894
1,18.737563384318445,2.9735841957703766
1.2272047699692084,15.741534447722309,14.849965511694085
1,4.967344036443871,17.417060109260824
New Obstacle Set:
radius,x,y
1,10.163064820111193,7.804744651509057
1,8.163582813788304,12.098743439240687
0.872093819902843,12.582921078290763,12.032989353892809
1,4.674166417429076,3.3627780843880064
1,1.099984027946194,9.12846516970758
1,3.7503677556355584,18.44125837235691
New Obstacle Set:
radius,x,y
2.279125212276156,17.628891831549094,13.510344995752508
1,7.359896288227521,9.125834240118701
1,14.070616945099852,5.706856625176211
2.6032674515403724,4.959629386769734,15.631002011921733
1,2.383018622538291,5.739353655745194
0.820804590407124,7.870145989660108,4.991321305683252
New Obstacle Set:
radius,x,y
2.203112226965774,14.24829841744053,17.632011471922024
5.47990340473925,6.826616610286254,6.397252790201325
1,16.00256579811429,5.336996337728079
1,18.572862852302702,9.949443255198013
1.9589183096073963,7.201208392661985,16.620217714100157
1,16.263554666972972,1.283803565372308
New Obstacle Set:
radius,x,y
3.390490345598805,13.886551177351798,4.903114031313453
3.2949900606608664,10.329315131996317,15.687499325172656
1.0701534185331893,3.2890940638383324,18.623332973093056
1,1.4490120790260212,2.0678432814023013
2.3885108715598697,5.194526712137277,8.834237223129758
1,6.205556023853236,2.1863962420655128
New Obstacle Set:
radius,x,y
5.670195115292612,5.6758093521627355,7.378416983554386
1,9.598709067841629,15.359082367328098
1,16.43824019625606,10.803477476755702
1,3.6936806124610406,17.76421830763571
1,15.675486391725396,3.441373840406999
1,18.792120865655956,18.807433579722783
New Obstacle Set:
radius,x,y
4.173241544219568,15.432143643853552,14.420860031155732
2.8437098090099475,4.72558528840831,9.278883454782004
1,2.493204973042536,17.864705184127498
1,8.45656529251529,16.18685159138286
1.832771565652235,14.912201131703647,5.5101671206580525
1,1.523723084301538,2.336532605137802
New Obstacle Set:
radius,x,y
1,18.266981426840886,14.599751730952923
1.7065967798233275,17.128125398116502,2.4994358618042236
2.2638478526034636,2.309811748813661,8.17966794047128
1,6.173919790036951,12.011276313858794
1.3690515879793663,12.043791628392665,13.055529537585173
0.9448075673241645,12.365774445425334,8.326052337199602
New Obstacle Set:
radius,x,y
5.8056282834582555,13.858801363552516,7.647816318139185
1.6662853712201975,4.44471669602016,13.226000717549548
0.7570810074022543,7.166594037991289,1.149054060132701
1,4.241162565131297,7.002346937284575
1,7.825707535878733,17.233472627444566
0.5633328686441104,17.802796772645895,16.593745809245863
New Obstacle Set:
radius,x,y
3.883502439792033,11.509144925286881,6.167481966166424
3.5927943658428902,3.9088179189919328,12.782110889201416
3.25059749835278,14.88863045475916,16.62927533259072
1,18.555642219609098,9.318726035373146
1,4.1374242386650835,4.4614273517939385
1,6.787579348373923,18.97659699891139
New Obstacle Set:
radius,x,y
1.6764194633985237,6.90676660954685,12.028512029334975
3.3230573298555868,12.372693744987258,4.700186856273333
1,12.548749201636232,15.99583792398828
1,1.8755759892347568,12.484848456485931
1.406020366500027,17.50412449539081,16.974706174149805
1,3.0190530535715636,3.526343490279701
New Obstacle Set:
radius,x,y
3.359409318497572,4.29629132449654,14.349619819800576
1,14.025119687367225,3.929429647665951
1.942302595910594,5.9910615645628145,2.571266675075936
1,18.728432658057137,11.516939081903805
1,7.217798164534093,8.57120075896434
2.5313290473782235,13.665014126745085,13.792234970161866
New Obstacle Set:
radius,x,y
4.863187018797867,10.766431121876378,6.282046733178663
1,1.1616171044481594,4.355693039087467
1,16.09770472380885,12.400798358533688
2.1510941800965107,9.229880557097614,15.39177006668757
1,2.9922820634211185,14.037591899688415
1,4.1607040350379485,18.721477493939286
New Obstacle Set:
radius,x,y
5.88269148059916,6.92632366772134,11.250011180021056
1.340042622774094,14.350379475195963,4.163225166076967
1,18.24928675543316,6.2200114099567365
1,7.260081751088308,2.3445360875361567
1,18.986692787736455,17.526941719804594
1,16.450683092268164,10.38659057916895
